Solving smallmaze.txt
Calculated Shortest path takes 4 steps.
[ (0, 0) (1, 0) (2, 0) (2, 1) (2, 2)  ]
Solving multipath.txt
Calculated Shortest path takes 5 steps.
[ (0, 0) (1, 0) (2, 0) (2, 1) (2, 2) (2, 3)  ]
Solving maze_No_1.txt
Calculated Shortest path takes 200 steps.
[ (0, 0) (1, 0) (2, 0) (3, 0) (4, 0) (5, 0) (6, 0) (7, 0) (8, 0) (8, 1) (9, 1) (10, 1) (11, 1) (12, 1) (13, 1) (14, 1) (15, 1) (16, 1) (17, 1) (18, 1) (18, 2) (19, 2) (20, 2) (21, 2) (22, 2) (23, 2) (24, 2) (25, 2) (26, 2) (27, 2) (28, 2) (29, 2) (30, 2) (30, 3) (31, 3) (32, 3) (33, 3) (34, 3) (35, 3) (36, 3) (37, 3) (38, 3) (39, 3) (40, 3) (40, 4) (41, 4) (42, 4) (43, 4) (44, 4) (45, 4) (46, 4) (47, 4) (47, 5) (48, 5) (49, 5) (50, 5) (51, 5) (52, 5) (53, 5) (54, 5) (55, 5) (56, 5) (57, 5) (58, 5) (58, 6) (59, 6) (59, 7) (60, 7) (61, 7) (62, 7) (63, 7) (64, 7) (65, 7) (66, 7) (67, 7) (68, 7) (69, 7) (70, 7) (71, 7) (72, 7) (73, 7) (73, 8) (74, 8) (75, 8) (76, 8) (77, 8) (77, 9) (78, 9) (78, 10) (78, 11) (78, 12) (79, 12) (80, 12) (81, 12) (82, 12) (83, 12) (84, 12) (85, 12) (86, 12) (87, 12) (88, 12) (89, 12) (89, 13) (89, 14) (89, 15) (89, 16) (89, 17) (89, 18) (89, 19) (89, 20) (89, 21) (89, 22) (89, 23) (89, 24) (90, 24) (90, 25) (90, 26) (90, 27) (91, 27) (91, 28) (92, 28) (92, 29) (92, 30) (93, 30) (94, 30) (94, 31) (94, 32) (94, 33) (94, 34) (94, 35) (94, 36) (94, 37) (94, 38) (94, 39) (94, 40) (94, 41) (94, 42) (94, 43) (94, 44) (94, 45) (94, 46) (94, 47) (94, 48) (94, 49) (94, 50) (94, 51) (94, 52) (94, 53) (94, 54) (94, 55) (94, 56) (94, 57) (94, 58) (94, 59) (94, 60) (94, 61) (94, 62) (94, 63) (94, 64) (94, 65) (94, 66) (94, 67) (95, 67) (96, 67) (96, 68) (96, 69) (96, 70) (96, 71) (96, 72) (96, 73) (96, 74) (96, 75) (96, 76) (96, 77) (96, 78) (96, 79) (96, 80) (96, 81) (96, 82) (96, 83) (96, 84) (96, 85) (96, 86) (97, 86) (98, 86) (98, 87) (98, 88) (98, 89) (98, 90) (99, 90) (99, 91) (99, 92) (99, 93) (99, 94) (99, 95) (99, 96) (99, 97) (100, 97) (100, 98) (100, 99) (100, 100)  ]
Solving maze_No_2.txt
Calculated Shortest path takes 200 steps.
[ (0, 0) (1, 0) (1, 1) (2, 1) (3, 1) (4, 1) (5, 1) (5, 2) (6, 2) (6, 3) (7, 3) (8, 3) (8, 4) (9, 4) (10, 4) (10, 5) (11, 5) (12, 5) (13, 5) (14, 5) (15, 5) (16, 5) (17, 5) (18, 5) (19, 5) (20, 5) (21, 5) (22, 5) (22, 6) (22, 7) (22, 8) (23, 8) (24, 8) (25, 8) (26, 8) (27, 8) (28, 8) (29, 8) (30, 8) (31, 8) (32, 8) (33, 8) (34, 8) (35, 8) (35, 9) (36, 9) (37, 9) (38, 9) (39, 9) (40, 9) (41, 9) (42, 9) (42, 10) (43, 10) (44, 10) (45, 10) (46, 10) (46, 11) (46, 12) (47, 12) (47, 13) (48, 13) (49, 13) (50, 13) (51, 13) (52, 13) (53, 13) (54, 13) (55, 13) (56, 13) (57, 13) (58, 13) (59, 13) (60, 13) (61, 13) (61, 14) (61, 15) (62, 15) (62, 16) (63, 16) (64, 16) (65, 16) (66, 16) (67, 16) (68, 16) (69, 16) (70, 16) (71, 16) (72, 16) (73, 16) (74, 16) (75, 16) (76, 16) (77, 16) (78, 16) (79, 16) (80, 16) (81, 16) (82, 16) (82, 17) (82, 18) (82, 19) (82, 20) (82, 21) (82, 22) (82, 23) (82, 24) (82, 25) (83, 25) (84, 25) (84, 26) (84, 27) (84, 28) (84, 29) (84, 30) (85, 30) (85, 31) (85, 32) (85, 33) (85, 34) (85, 35) (85, 36) (85, 37) (86, 37) (86, 38) (86, 39) (86, 40) (86, 41) (86, 42) (86, 43) (86, 44) (86, 45) (86, 46) (87, 46) (87, 47) (88, 47) (88, 48) (88, 49) (88, 50) (88, 51) (89, 51) (89, 52) (89, 53) (89, 54) (90, 54) (91, 54) (91, 55) (92, 55) (92, 56) (92, 57) (93, 57) (93, 58) (93, 59) (93, 60) (93, 61) (93, 62) (93, 63) (93, 64) (94, 64) (94, 65) (95, 65) (95, 66) (95, 67) (95, 68) (95, 69) (95, 70) (95, 71) (95, 72) (95, 73) (95, 74) (95, 75) (96, 75) (97, 75) (97, 76) (97, 77) (97, 78) (97, 79) (97, 80) (97, 81) (97, 82) (97, 83) (97, 84) (97, 85) (97, 86) (97, 87) (97, 88) (97, 89) (97, 90) (98, 90) (98, 91) (98, 92) (98, 93) (98, 94) (98, 95) (98, 96) (98, 97) (98, 98) (98, 99) (98, 100) (99, 100) (100, 100)  ]
