Solving multipath.txt
Path for current maze took 5 moves.
[ (1, 1) (2, 1) (3, 1) (3, 2) (3, 3) (3, 4) ]
Solving smallmaze.txt
Path for current maze took 4 moves.
[ (1, 1) (2, 1) (3, 1) (3, 2) (3, 3) ]
Solving maze_No_1.txt
Path for current maze took 200 moves.
[ (1, 1) (2, 1) (3, 1) (4, 1) (5, 1) (6, 1) (7, 1) (8, 1) (9, 1) (9, 2) (10, 2) (11, 2) (12, 2) (13, 2) (14, 2) (15, 2) (16, 2) (17, 2) (18, 2) (19, 2) (19, 3) (20, 3) (21, 3) (22, 3) (23, 3) (24, 3) (25, 3) (26, 3) (27, 3) (28, 3) (29, 3) (30, 3) (31, 3) (31, 4) (32, 4) (33, 4) (34, 4) (35, 4) (36, 4) (37, 4) (38, 4) (39, 4) (40, 4) (41, 4) (41, 5) (42, 5) (43, 5) (44, 5) (45, 5) (46, 5) (47, 5) (48, 5) (48, 6) (49, 6) (50, 6) (51, 6) (52, 6) (53, 6) (54, 6) (55, 6) (56, 6) (57, 6) (58, 6) (59, 6) (59, 7) (60, 7) (60, 8) (61, 8) (62, 8) (63, 8) (64, 8) (65, 8) (66, 8) (67, 8) (68, 8) (69, 8) (70, 8) (71, 8) (72, 8) (73, 8) (74, 8) (74, 9) (75, 9) (76, 9) (77, 9) (78, 9) (78, 10) (79, 10) (79, 11) (79, 12) (79, 13) (80, 13) (81, 13) (82, 13) (83, 13) (84, 13) (85, 13) (86, 13) (87, 13) (88, 13) (89, 13) (90, 13) (90, 14) (90, 15) (90, 16) (90, 17) (90, 18) (90, 19) (90, 20) (90, 21) (90, 22) (90, 23) (90, 24) (90, 25) (91, 25) (91, 26) (91, 27) (91, 28) (92, 28) (92, 29) (93, 29) (93, 30) (93, 31) (94, 31) (95, 31) (95, 32) (95, 33) (95, 34) (95, 35) (95, 36) (95, 37) (95, 38) (95, 39) (95, 40) (95, 41) (95, 42) (95, 43) (95, 44) (95, 45) (95, 46) (95, 47) (95, 48) (95, 49) (95, 50) (95, 51) (95, 52) (95, 53) (95, 54) (95, 55) (95, 56) (95, 57) (95, 58) (95, 59) (95, 60) (95, 61) (95, 62) (95, 63) (95, 64) (95, 65) (95, 66) (95, 67) (95, 68) (96, 68) (97, 68) (97, 69) (97, 70) (97, 71) (97, 72) (97, 73) (97, 74) (97, 75) (97, 76) (97, 77) (97, 78) (97, 79) (97, 80) (97, 81) (97, 82) (97, 83) (97, 84) (97, 85) (97, 86) (97, 87) (98, 87) (99, 87) (99, 88) (99, 89) (99, 90) (99, 91) (100, 91) (100, 92) (100, 93) (100, 94) (100, 95) (100, 96) (100, 97) (100, 98) (101, 98) (101, 99) (101, 100) (101, 101) ]
Solving maze_No_2.txt
Path for current maze took 200 moves.
[ (1, 1) (2, 1) (2, 2) (3, 2) (4, 2) (5, 2) (6, 2) (6, 3) (7, 3) (7, 4) (8, 4) (9, 4) (9, 5) (10, 5) (11, 5) (11, 6) (12, 6) (13, 6) (14, 6) (15, 6) (16, 6) (17, 6) (18, 6) (19, 6) (20, 6) (21, 6) (22, 6) (23, 6) (23, 7) (23, 8) (23, 9) (24, 9) (25, 9) (26, 9) (27, 9) (28, 9) (29, 9) (30, 9) (31, 9) (32, 9) (33, 9) (34, 9) (35, 9) (36, 9) (36, 10) (37, 10) (38, 10) (39, 10) (40, 10) (41, 10) (42, 10) (43, 10) (43, 11) (44, 11) (45, 11) (46, 11) (47, 11) (47, 12) (47, 13) (48, 13) (48, 14) (49, 14) (50, 14) (51, 14) (52, 14) (53, 14) (54, 14) (55, 14) (56, 14) (57, 14) (58, 14) (59, 14) (60, 14) (61, 14) (62, 14) (62, 15) (62, 16) (63, 16) (63, 17) (64, 17) (65, 17) (66, 17) (67, 17) (68, 17) (69, 17) (70, 17) (71, 17) (72, 17) (73, 17) (74, 17) (75, 17) (76, 17) (77, 17) (78, 17) (79, 17) (80, 17) (81, 17) (82, 17) (83, 17) (83, 18) (83, 19) (83, 20) (83, 21) (83, 22) (83, 23) (83, 24) (83, 25) (83, 26) (84, 26) (85, 26) (85, 27) (85, 28) (85, 29) (85, 30) (85, 31) (86, 31) (86, 32) (86, 33) (86, 34) (86, 35) (86, 36) (86, 37) (86, 38) (87, 38) (87, 39) (87, 40) (87, 41) (87, 42) (87, 43) (87, 44) (87, 45) (87, 46) (87, 47) (88, 47) (88, 48) (89, 48) (89, 49) (89, 50) (89, 51) (89, 52) (90, 52) (90, 53) (90, 54) (90, 55) (91, 55) (92, 55) (92, 56) (93, 56) (93, 57) (93, 58) (94, 58) (94, 59) (94, 60) (94, 61) (94, 62) (94, 63) (94, 64) (94, 65) (95, 65) (95, 66) (96, 66) (96, 67) (96, 68) (96, 69) (96, 70) (96, 71) (96, 72) (96, 73) (96, 74) (96, 75) (96, 76) (97, 76) (98, 76) (98, 77) (98, 78) (98, 79) (98, 80) (98, 81) (98, 82) (98, 83) (98, 84) (98, 85) (98, 86) (98, 87) (98, 88) (98, 89) (98, 90) (98, 91) (99, 91) (99, 92) (99, 93) (99, 94) (99, 95) (99, 96) (99, 97) (99, 98) (99, 99) (99, 100) (99, 101) (100, 101) (101, 101) ]


Solving Maze with custom start locations
Solving multipath.txt
Path for current maze took 4 moves.
[ (2, 1) (3, 1) (3, 2) (3, 3) (3, 4) ]
Solving smallmaze.txt
Path for current maze took 3 moves.
[ (2, 1) (3, 1) (3, 2) (3, 3) ]
Solving maze_No_1.txt
Path for current maze took 175 moves.
[ (10, 17) (11, 17) (11, 18) (12, 18) (12, 19) (13, 19) (14, 19) (15, 19) (16, 19) (17, 19) (18, 19) (19, 19) (20, 19) (21, 19) (22, 19) (23, 19) (24, 19) (25, 19) (26, 19) (27, 19) (28, 19) (29, 19) (29, 20) (30, 20) (31, 20) (32, 20) (33, 20) (34, 20) (35, 20) (36, 20) (37, 20) (38, 20) (39, 20) (40, 20) (41, 20) (42, 20) (43, 20) (44, 20) (45, 20) (46, 20) (47, 20) (48, 20) (49, 20) (50, 20) (51, 20) (52, 20) (53, 20) (54, 20) (55, 20) (56, 20) (57, 20) (58, 20) (59, 20) (60, 20) (61, 20) (61, 21) (62, 21) (63, 21) (64, 21) (65, 21) (66, 21) (67, 21) (68, 21) (69, 21) (70, 21) (71, 21) (72, 21) (73, 21) (74, 21) (74, 22) (75, 22) (76, 22) (77, 22) (78, 22) (79, 22) (79, 23) (80, 23) (80, 24) (81, 24) (82, 24) (83, 24) (84, 24) (85, 24) (86, 24) (87, 24) (88, 24) (89, 24) (90, 24) (90, 25) (91, 25) (91, 26) (91, 27) (91, 28) (92, 28) (92, 29) (93, 29) (93, 30) (93, 31) (94, 31) (95, 31) (95, 32) (95, 33) (95, 34) (95, 35) (95, 36) (95, 37) (95, 38) (95, 39) (95, 40) (95, 41) (95, 42) (95, 43) (95, 44) (95, 45) (95, 46) (95, 47) (95, 48) (95, 49) (95, 50) (95, 51) (95, 52) (95, 53) (95, 54) (95, 55) (95, 56) (95, 57) (95, 58) (95, 59) (95, 60) (95, 61) (95, 62) (95, 63) (95, 64) (95, 65) (95, 66) (95, 67) (95, 68) (96, 68) (97, 68) (97, 69) (97, 70) (97, 71) (97, 72) (97, 73) (97, 74) (97, 75) (97, 76) (97, 77) (97, 78) (97, 79) (97, 80) (97, 81) (97, 82) (97, 83) (97, 84) (97, 85) (97, 86) (97, 87) (98, 87) (99, 87) (99, 88) (99, 89) (99, 90) (99, 91) (100, 91) (100, 92) (100, 93) (100, 94) (100, 95) (100, 96) (100, 97) (100, 98) (101, 98) (101, 99) (101, 100) (101, 101) ]
Solving maze_No_2.txt
Path for current maze took 175 moves.
[ (10, 17) (11, 17) (12, 17) (13, 17) (13, 18) (14, 18) (15, 18) (16, 18) (17, 18) (18, 18) (19, 18) (20, 18) (21, 18) (21, 19) (22, 19) (23, 19) (24, 19) (25, 19) (26, 19) (27, 19) (27, 20) (27, 21) (28, 21) (29, 21) (30, 21) (31, 21) (32, 21) (32, 22) (33, 22) (34, 22) (35, 22) (36, 22) (37, 22) (38, 22) (38, 23) (39, 23) (40, 23) (41, 23) (42, 23) (43, 23) (44, 23) (45, 23) (46, 23) (47, 23) (48, 23) (49, 23) (50, 23) (51, 23) (52, 23) (53, 23) (54, 23) (54, 24) (55, 24) (56, 24) (57, 24) (58, 24) (59, 24) (60, 24) (61, 24) (62, 24) (62, 25) (62, 26) (63, 26) (64, 26) (65, 26) (66, 26) (67, 26) (68, 26) (69, 26) (70, 26) (71, 26) (72, 26) (73, 26) (73, 27) (74, 27) (75, 27) (75, 28) (76, 28) (77, 28) (78, 28) (79, 28) (79, 29) (80, 29) (81, 29) (82, 29) (83, 29) (84, 29) (85, 29) (85, 30) (85, 31) (86, 31) (86, 32) (86, 33) (86, 34) (86, 35) (86, 36) (86, 37) (86, 38) (87, 38) (87, 39) (87, 40) (87, 41) (87, 42) (87, 43) (87, 44) (87, 45) (87, 46) (87, 47) (88, 47) (88, 48) (89, 48) (89, 49) (89, 50) (89, 51) (89, 52) (90, 52) (90, 53) (90, 54) (90, 55) (91, 55) (92, 55) (92, 56) (93, 56) (93, 57) (93, 58) (94, 58) (94, 59) (94, 60) (94, 61) (94, 62) (94, 63) (94, 64) (94, 65) (95, 65) (95, 66) (96, 66) (96, 67) (96, 68) (96, 69) (96, 70) (96, 71) (96, 72) (96, 73) (96, 74) (96, 75) (96, 76) (97, 76) (98, 76) (98, 77) (98, 78) (98, 79) (98, 80) (98, 81) (98, 82) (98, 83) (98, 84) (98, 85) (98, 86) (98, 87) (98, 88) (98, 89) (98, 90) (98, 91) (99, 91) (99, 92) (99, 93) (99, 94) (99, 95) (99, 96) (99, 97) (99, 98) (99, 99) (99, 100) (99, 101) (100, 101) (101, 101) ]


Solving Maze with custom finish locations
Solving multipath.txt
Path for current maze took 2 moves.
[ (1, 1) (2, 1) (3, 1) ]
Solving smallmaze.txt
Path for current maze took 2 moves.
[ (1, 1) (2, 1) (3, 1) ]
Solving maze_No_1.txt
Path for current maze took 177 moves.
[ (1, 1) (2, 1) (3, 1) (4, 1) (5, 1) (6, 1) (7, 1) (8, 1) (9, 1) (9, 2) (10, 2) (11, 2) (12, 2) (13, 2) (14, 2) (15, 2) (16, 2) (17, 2) (18, 2) (19, 2) (19, 3) (20, 3) (21, 3) (22, 3) (23, 3) (24, 3) (25, 3) (26, 3) (27, 3) (28, 3) (29, 3) (30, 3) (31, 3) (31, 4) (32, 4) (33, 4) (34, 4) (35, 4) (36, 4) (37, 4) (38, 4) (39, 4) (40, 4) (41, 4) (41, 5) (42, 5) (43, 5) (44, 5) (45, 5) (46, 5) (47, 5) (48, 5) (48, 6) (49, 6) (50, 6) (51, 6) (52, 6) (53, 6) (54, 6) (55, 6) (56, 6) (57, 6) (58, 6) (59, 6) (59, 7) (60, 7) (60, 8) (61, 8) (62, 8) (63, 8) (64, 8) (65, 8) (66, 8) (67, 8) (68, 8) (69, 8) (70, 8) (70, 9) (70, 10) (70, 11) (71, 11) (71, 12) (71, 13) (71, 14) (71, 15) (71, 16) (71, 17) (71, 18) (71, 19) (72, 19) (72, 20) (72, 21) (73, 21) (73, 22) (73, 23) (73, 24) (74, 24) (74, 25) (74, 26) (74, 27) (74, 28) (74, 29) (75, 29) (75, 30) (76, 30) (77, 30) (77, 31) (77, 32) (77, 33) (78, 33) (79, 33) (79, 34) (79, 35) (79, 36) (80, 36) (80, 37) (80, 38) (80, 39) (80, 40) (80, 41) (80, 42) (80, 43) (81, 43) (82, 43) (83, 43) (83, 44) (83, 45) (83, 46) (83, 47) (83, 48) (83, 49) (83, 50) (83, 51) (83, 52) (83, 53) (84, 53) (84, 54) (84, 55) (84, 56) (84, 57) (84, 58) (84, 59) (84, 60) (84, 61) (84, 62) (85, 62) (85, 63) (85, 64) (85, 65) (85, 66) (86, 66) (86, 67) (86, 68) (86, 69) (87, 69) (87, 70) (87, 71) (87, 72) (87, 73) (87, 74) (87, 75) (87, 76) (87, 77) (87, 78) (88, 78) (88, 79) (89, 79) (90, 79) (90, 80) (90, 81) (90, 82) (90, 83) (91, 83) (91, 84) (91, 85) (92, 85) (92, 86) (92, 87) ]
Solving maze_No_2.txt
Path for current maze took 177 moves.
[ (1, 1) (2, 1) (2, 2) (3, 2) (4, 2) (5, 2) (6, 2) (6, 3) (7, 3) (7, 4) (8, 4) (9, 4) (9, 5) (10, 5) (11, 5) (11, 6) (12, 6) (13, 6) (14, 6) (15, 6) (16, 6) (17, 6) (18, 6) (19, 6) (20, 6) (21, 6) (22, 6) (23, 6) (23, 7) (23, 8) (23, 9) (24, 9) (25, 9) (26, 9) (27, 9) (28, 9) (29, 9) (30, 9) (31, 9) (32, 9) (33, 9) (34, 9) (35, 9) (36, 9) (36, 10) (37, 10) (38, 10) (39, 10) (40, 10) (41, 10) (42, 10) (43, 10) (43, 11) (44, 11) (45, 11) (46, 11) (47, 11) (47, 12) (47, 13) (48, 13) (48, 14) (49, 14) (50, 14) (51, 14) (52, 14) (53, 14) (54, 14) (55, 14) (56, 14) (57, 14) (58, 14) (59, 14) (60, 14) (61, 14) (62, 14) (62, 15) (62, 16) (63, 16) (63, 17) (64, 17) (65, 17) (66, 17) (67, 17) (68, 17) (69, 17) (70, 17) (71, 17) (72, 17) (73, 17) (74, 17) (75, 17) (76, 17) (77, 17) (78, 17) (78, 18) (78, 19) (78, 20) (78, 21) (79, 21) (79, 22) (79, 23) (80, 23) (80, 24) (80, 25) (81, 25) (81, 26) (81, 27) (81, 28) (81, 29) (81, 30) (81, 31) (81, 32) (81, 33) (81, 34) (81, 35) (81, 36) (81, 37) (81, 38) (81, 39) (81, 40) (81, 41) (81, 42) (82, 42) (82, 43) (82, 44) (82, 45) (82, 46) (83, 46) (83, 47) (84, 47) (85, 47) (85, 48) (86, 48) (86, 49) (86, 50) (86, 51) (86, 52) (86, 53) (87, 53) (88, 53) (88, 54) (88, 55) (88, 56) (88, 57) (88, 58) (88, 59) (88, 60) (88, 61) (88, 62) (88, 63) (88, 64) (88, 65) (88, 66) (88, 67) (88, 68) (88, 69) (88, 70) (88, 71) (89, 71) (89, 72) (90, 72) (90, 73) (90, 74) (90, 75) (90, 76) (90, 77) (90, 78) (91, 78) (91, 79) (91, 80) (91, 81) (91, 82) (92, 82) (92, 83) (92, 84) (92, 85) (92, 86) (92, 87) ]
